20180106
20180107
20180113
20180114
20180120
20180121
20180127
20180128
20180203
20180204
20180210
20180211
20180212
20180213
20180214
20180215
20180216
20180217
20180218
20180219
20180220
20180221
20180225
20180303
20180304
20180310
20180311
20180317
20180318
20180324
20180325
20180331
20180401
20180405
20180406
20180407
20180414
20180415
20180421
20180422
20180429
20180430
20180501
20180505
20180506
20180512
20180513
20180519
20180520
20180526
20180527
20180602
20180603
20180609
20180610
20180616
20180617
20180618
20180623
20180624
20180630
20180701
20180707
20180708
20180714
20180715
20180721
20180722
20180728
20180729
20180804
20180805
20180811
20180812
20180818
20180819
20180825
20180826
20180901
20180902
20180908
20180909
20180915
20180916
20180922
20180923
20180924
20180930
20181001
20181002
20181003
20181004
20181005
20181006
20181007
20181013
20181014
20181020
20181021
20181027
20181028
20181103
20181104
20181110
20181111
20181117
20181118
20181124
20181125
20181201
20181202
20181208
20181209
20181215
20181216
20181222
20181223
20181229
20181230
